0.486904
0.867977
0.592591
0.21471
0.0102265
0.514819
0.995948
0.0319323
0.601565
0.0553448
0.52678
0.0893741
0.764437
0.815492
0.888972
0.163899
0.215504
0.787683
0.788698
0.0666458
0.432544
0.0533801
0.340932
0.509839
0.0160247
0.26137
0.363697
0.759423
0.0359231
0.0724072
0.181554
0.522827
0.940385
0.774145
0.737537
0.950611
0.288963
0.733485
0.982543
0.890529
0.78883
0.509323
0.979903
0.553267
0.324815
0.868875
0.717166
0.54032
0.656558
0.505863
0.606965
0.0891015
0.559243
0.947897
0.59894
0.575268
0.209267
0.962637
0.334692
0.245191
0.0350443
0.516245
0.768018
0.975429
0.29039
0.505555
0.92604
0.579353
0.23904
0.908583
0.469882
0.0278704
0.417907
0.449784
0.581137
0.742722
0.318659
0.298303
0.283042
0.975217
0.804166
0.890007
0.0643186
0.36341
0.837905
0.663259
0.938678
0.0471721
0.625896
0.273369
0.292363
0.66094
0.789614
0.0603804
0.636369
0.0800042
0.565935
0.562409
0.659357
0.804976
0.470993
0.129239
0.832846
0.8889
0.579023
0.413983
0.631622
0.897682
0.712286
0.914663
0.8729
0.516452
0.804671
0.937218
0.879862
0.642575
0.600477
0.818539
0.689747
0.226373
0.0919086
0.98211
0.887314
0.881523
0.0424905
0.523683
0.961527
0.608426
0.086092
0.620884
0.413401
0.557085
0.750123
0.246247
0.445984
0.329147
0.66023
0.0776058
0.226829
0.372516
0.992269
0.0997286
0.888968
0.79694
0.0369468
0.76883
0.439515
0.637424
0.587369
0.129263
0.863797
0.679278
0.111373
0.751111
0.5608
0.153863
0.274794
0.522328
0.762289
0.360886
0.143212
0.17569
0.91797
0.893335
0.421937
0.363955
0.222482
0.0821676
0.44156
0.449311
0.454684
0.43383
0.54904
0.343652
0.230769
0.585986
0.112481
0.670285
0.22341
0.69985
0.799547
0.0872077
0.379128
0.91092
0.838318
0.939928
0.0647827
0.113112
0.462256
0.827072
0.473998
0.605468
0.00276185
0.391968
0.498804
0.424699
0.755923
0.721286
0.506867
0.197483
0.170596
0.96155
0.631313
0.719636
0.305202
0.862082
0.305622
0.417684
0.532367
0.529033
0.117534
0.331914
0.61624
0.496662
0.242833
0.454559
0.43659
0.307616
0.567671
0.898846
0.134688
0.0416687
0.504314
0.13745
0.433637
0.00311774
0.562149
0.189559
0.724403
0.0690155
0.387043
0.895
0.030566
0.0183552
0.614636
0.335768
0.880437
0.920258
0.753452
0.412804
0.449291
0.870986
0.744718
0.0655312
0.367647
0.987551
0.52009
0.804237
0.295167
0.0877611
0.703084
0.429855
0.12943
0.207398
0.567304
0.563067
0.210515
0.129453
0.752626
0.934919
0.198469
0.139669
0.829918
0.229035
0.158024
0.444554
0.564803
0.0384613
0.364812
0.318255
0.451265
0.814103
0.18924
0.195983
0.879634
0.556888
0.183534
0.399724
0.361125
0.478701
0.487485
0.0642085
0.908556
0.616915
0.271606
0.475861
0.179982
0.482122
0.605314
0.932608
0.41704
0.803783
0.0722767
0.246959
0.0328173
0.230301
0.691513
0.59762
0.268762
0.0563247
0.915875
0.720027
0.870427
0.105115
0.91601
0.750062
0.662003
0.0995446
0.149786
0.0231276
0.578246
0.637271
0.0873361
0.486802
0.254186
0.358942
0.962663
0.434168
0.841064
0.567977
0.366776
0.258104
0.371759
0.439053
0.505063
0.404576
0.669353
0.196575
0.00219668
0.938115
0.2529
0.918072
0.658143
0.123328
0.0231866
0.574153
0.873389
0.685189
0.673698
0.0231749
0.708317
0.251944
0.660446
0.795653
0.738746
0.914632
0.154595
0.701408
0.3488
0.995659
0.269385
0.715576
0.253763
0.641144
0.154629
0.758826
0.0457205
0.823982
0.955402
0.0479171
0.762098
0.208302
0.965989
0.42024
0.33163
0.989175
0.994394
0.205019
0.674364
0.668091
0.228194
0.382681
0.920035
0.88864
0.178334
0.658781
0.803272
0.332929
0.360189
0.152072
0.328589
0.629574
0.867648
0.582352
0.270718
0.0222766
0.341178
0.316439
0.846259
0.29658
0.364356
0.608356
0.504882
0.330344
0.0285966
0.836511
0.31952
0.0229903
0.0415303
0.993884
0.691082
0.269724
0.376565
0.611117
0.158364
0.554899
0.269898
0.961636
0.887829
0.630087
0.113707
0.216417
0.259661
0.981355
0.798769
0.53038
0.00363182
0.139948
0.846818
0.849891
0.436528
0.211174
0.458247
0.94141
0.541519
0.486843
0.777921
0.861038
0.509834
0.819451
0.854922
0.200915
0.0891753
0.231488
0.812032
0.247539
0.786387
0.0819304
0.209175
0.674216
0.712018
0.322882
0.890633
0.971679
0.304237
0.689403
0.502059
0.307869
0.82935
0.348877
0.157759
0.265878
0.560051
0.616006
0.207287
0.10157
0.10285
0.985208
0.962608
0.612683
0.80466
0.81753
0.813599
0.893835
0.0490181
0.625631
0.141374
0.835405
0.707562
0.350548
0.509621
0.419579
0.67343
0.400254
0.391258
0.977667
0.0896567
0.893317
0.285536
0.919007
0.242194
0.443296
0.184885
0.802245
0.059302
0.392172
0.903814
0.162152
0.377381
0.866422
0.774835
0.18204
0.683953
0.588434
0.0758751
0.732971
0.214065
0.217249
0.568376
0.921627
0.567797
0.0779969
0.341206
0.241228
0.478251
0.732464
0.218895
0.567908
0.625781
0.504431
0.486915
0.867974
0.947727
0.671799
0.670219
0.00702922
0.0639715
0.574033
0.169181
0.441352
0.440456
0.944016
0.623392
0.124408
0.532449
0.699267
0.857379
0.746514
0.916516
0.425755
0.668141
0.484314
0.503752
0.00934661
0.725541
0.982003
0.74181
0.944437
0.549911
0.367591
0.448868
0.0368254
0.235565
0.396595
0.708625
0.905784
0.403625
0.772596
0.479817
0.572805
0.213948
0.920273
0.516821
0.837341
0.0446812
0.0492705
0.536608
0.90206
0.795785
0.453124
0.327816
0.463926
0.937438
0.831568
0.473272
0.66298
0.813571
0.215083
0.607416
0.363482
0.582674
0.0562843
0.400307
0.818239
0.45288
0.108932
0.724023
0.856504
0.881528
0.20384
0.42931
0.0954767
0.124113
0.946131
0.932817
0.168794
0.995401
0.469425
0.0708544
0.791186
0.92255
0.39867
0.255112
0.859988
0.230238
0.728384
0.522967
0.0438087
0.943467
0.130384
0.40729
0.526141
0.186668
0.807598
0.34438
0.639548
0.916529
0.0684024
0.496052
0.798058
0.272242
0.925361
0.893534
0.396355
0.871492
0.826352
0.565149
0.866893
0.295777
0.636003
0.658079
0.218327
0.0346736
0.913191
0.0783146
0.264911
0.641575
0.601282
0.30872
0.585042
0.731665
0.716011
0.111183
0.918333
0.523608
0.455562
0.557881
0.440137
0.523965
0.0539325
0.238195
0.796207
0.979294
0.13173
0.192562
0.850786
0.958081
0.757712
0.717679
0.253859
0.393715
0.375759
0.472185
0.428389
0.28895
0.5505
0.6933
0.930525
0.151782
0.00202016
0.515567
0.883447
0.718031
0.62675
0.801781
0.241639
0.0823122
0.359661
0.681776
0.606277
0.413594
0.919971
0.402484
0.392888
0.0517007
0.595047
0.243674
0.00978204
0.352758
0.961353
0.263641
0.746473
0.337112
0.735826
0.174862
0.626061
0.286326
0.868162
0.556586
0.438108
0.870182
0.0721532
0.321555
0.588213
0.698903
0.123336
0.829852
0.781215
0.482997
0.511628
0.387492
0.896591
0.431599
0.789977
0.289479
0.4833
0.385023
0.533153
0.493082
0.737782
0.494506
0.756722
0.484255
0.831618
0.492548
0.659117
0.457679
0.778874
0.527279
0.0142656
0.216982
0.397461
0.0864188
0.538537
0.985674
0.785322
0.661873
0.815526
0.566537
0.14487
0.327154
0.954029
0.0414617
0.758753
0.744006
0.330941
0.242052
0.129029
0.864094
0.735134
0.866811
0.3586
0.491856
0.351066
0.190218
0.984404
0.0101827
0.647898
0.763278
0.537462
0.662163
0.98026
0.934923
0.748582
0.518797
0.920598
0.533904
0.18067
0.736124
0.100441
0.32554
0.0632772
0.0544699
0.367002
0.82203
0.798476
0.697943
0.0640818
0.927505
0.562037
0.799215
0.794315
0.920637
0.291071
0.145381
0.110856
0.275475
0.155563
0.758753
0.0387534
0.693025
0.420917
0.0190133
0.627949
0.169498
0.53781
0.548546
0.703402
0.718481
0.28467
0.803843
0.044021
0.347947
0.858313
0.411023
0.169977
0.656788
0.108966
0.234059
0.584293
0.671004
0.033274
0.378608
0.591641
0.324345
0.523989
0.702497
0.599821
0.679553
0.46125
0.638574
0.372578
0.882167
0.657588
0.000526477
0.0516651
0.195398
0.549073
0.755067
0.913879
0.833743
0.55891
0.9579
0.18169
0.417223
0.368923
0.351666
0.0740114
0.477889
0.585725
0.658304
0.148893
0.618999
0.0369127
0.740534
0.943344
0.560902
0.44303
0.543165
0.240454
0.90428
0.181739
0.613032
0.786447
0.839327
0.613559
0.838112
0.0347248
0.162631
0.59318
0.948603
0.996374
0.15209
0.906503
0.178064
0.569313
0.275426
0.52973
0.643324
0.753315
0.115455
0.301629
0.902207
0.734454
0.338541
0.642741
0.677798
0.899443
0.0857712
0.220963
0.139898
0.990052
0.402702
0.75293
0.776499
0.242029
0.366488
0.614611
0.276754
0.52912
0.20779
0.225357
0.525494
0.35988
0.13186
0.703557
0.929193
0.407286
0.233287
0.572517
0.1606
0.348742
0.874146
0.0628074
0.0831955
0.212687
0.705548
0.760993
0.11213
0.791319
0.981957
0.252028
0.781371
0.384659
0.00495741
0.55787
0.626688
0.371446
0.17248
0.903442
0.900566
0.380271
0.1288
0.42606
0.740151
0.26066
0.129617
0.669343
0.667945
0.362904
0.24186
0.828546
0.711646
0.116006
0.891353
0.794841
0.328693
0.596901
0.555835
0.440823
0.388221
0.537791
0.692851
0.169591
0.92245
0.697808
0.727461
0.549139
0.0692539
0.899941
0.452581
0.96982
0.280212
0.58138
0.395879
0.0203627
0.84204
0.525496
0.689706
0.509985
0.8884
0.931566
0.338531
0.600046
0.0475724
0.229884
0.394887
0.376265
0.826785
0.950722
0.817088
0.215005
0.488513
0.509939
0.384597
0.410964
0.207747
0.112058
0.960102
0.277001
0.0119994
0.412683
0.246821
0.292211
0.994063
0.6427
0.312574
0.836103
0.168196
0.00228036
0.346089
0.056596
0.933847
0.68462
0.656642
0.981419
0.914503
0.0515292
0.357685
0.741288
0.0022513
0.174773
0.956294
0.490765
0.684712
0.34089
0.901728
0.892459
0.452948
0.861831
